Light curve of GRB : bn081224887
Energy range : 50 to 300 keV
Trigger time (MET s) : 251846276.414
Tstart (s)	Counts/s
-19.960745604340346	4171.875
-19.8967415389247	4687.5
-19.832737473509052	4625.0
-19.768733408093404	4171.875
-19.70472934267776	4171.875
-19.64072527726211	4515.625
-19.57672121184646	4250.0
-19.512717146430816	4703.125
-19.44871308101517	4062.5
-19.384709015599523	4281.25
-19.320704950183874	4515.625
-19.25670088476823	4203.125
-19.19269681935258	4453.125
-19.12869275393693	4515.625
-19.064688688521287	4125.0
-19.000684623105638	4812.5
-18.93668055768999	4156.25
-18.872676492274344	4484.375
-18.808672426858696	4343.75
-18.74466836144305	4421.875
-18.680664296027402	4078.125
-18.616660230611757	4203.125
-18.552656165196108	4031.25
-18.48865209978046	4281.25
-18.424648034364814	4437.5
-18.360643968949166	4015.625
-18.296639903533517	4406.25
-18.232635838117872	4625.0
-18.168631772702224	4437.5
-18.104627707286575	4109.375
-18.04062364187093	4359.375
-17.976619576455285	4109.375
-17.912615511039636	4125.0
-17.848611445623987	3968.75
-17.784607380208342	4250.0
-17.720603314792694	4578.125
-17.656599249377045	4109.375
-17.5925951839614	4421.875
-17.52859111854575	4265.625
-17.464587053130103	4406.25
-17.400582987714458	4359.375
-17.336578922298813	4437.5
-17.27257485688316	4406.25
-17.208570791467515	4328.125
-17.14456672605187	4125.0
-17.08056266063622	4625.0
-17.016558595220573	4000.0
-16.952554529804928	4453.125
-16.88855046438928	3875.0
-16.82454639897363	3843.75
-16.760542333557986	4359.375
-16.696538268142337	4328.125
-16.63253420272669	3625.0
-16.568530137311043	3968.75
-16.5045260718954	4343.75
-16.44052200647975	3937.5
-16.3765179410641	4250.0
-16.312513875648456	4843.75
-16.248509810232807	4406.25
-16.18450574481716	4453.125
-16.120501679401514	4421.875
-16.056497613985865	4171.875
-15.992493548570218	4453.125
-15.928489483154571	4078.125
-15.864485417738925	4593.75
-15.800481352323276	3796.875
-15.736477286907629	4015.625
-15.672473221491982	4625.0
-15.608469156076335	3796.875
-15.544465090660687	4156.25
-15.48046102524504	4140.625
-15.416456959829393	4078.125
-15.352452894413746	4515.625
-15.2884488289981	4109.375
-15.22444476358245	4015.625
-15.160440698166804	4187.5
-15.096436632751157	4437.5
-15.03243256733551	4562.5
-14.968428501919863	4718.75
-14.904424436504215	4046.875
-14.840420371088568	4640.625
-14.776416305672921	4218.75
-14.712412240257274	4250.0
-14.648408174841625	3968.75
-14.584404109425979	3953.125
-14.520400044010332	4062.5
-14.456395978594685	4375.0
-14.392391913179038	4609.375
-14.32838784776339	4359.375
-14.264383782347743	4015.625
-14.200379716932096	4781.25
-14.136375651516449	3765.625
-14.0723715861008	4421.875
-14.008367520685153	4468.75
-13.944363455269507	3750.0
-13.88035938985386	4109.375
-13.816355324438213	4015.625
-13.752351259022564	3890.625
-13.688347193606917	4296.875
-13.62434312819127	3812.5
-13.560339062775624	4046.875
-13.496334997359975	4046.875
-13.432330931944328	4265.625
-13.368326866528681	3890.625
-13.304322801113035	4750.0
-13.240318735697388	4375.0
-13.176314670281739	4312.5
-13.112310604866092	4234.375
-13.048306539450445	4703.125
-12.984302474034799	4343.75
-12.92029840861915	4734.375
-12.856294343203503	4203.125
-12.792290277787856	4328.125
-12.72828621237221	4500.0
-12.664282146956563	4218.75
-12.600278081540914	4140.625
-12.536274016125267	4328.125
-12.47226995070962	4578.125
-12.408265885293973	4359.375
-12.344261819878326	4468.75
-12.280257754462678	4796.875
-12.216253689047031	4562.5
-12.152249623631384	4187.5
-12.088245558215737	4109.375
-12.024241492800089	4812.5
-11.960237427384442	4156.25
-11.896233361968795	4203.125
-11.832229296553148	4265.625
-11.768225231137501	4187.5
-11.704221165721853	4375.0
-11.640217100306206	4609.375
-11.576213034890559	4578.125
-11.512208969474912	4453.125
-11.448204904059263	4109.375
-11.384200838643617	4031.25
-11.32019677322797	4015.625
-11.256192707812323	4062.5
-11.192188642396676	3843.75
-11.128184576981027	4390.625
-11.06418051156538	4265.625
-11.000176446149734	4515.625
-10.936172380734087	4421.875
-10.87216831531844	3906.25
-10.808164249902791	3765.625
-10.744160184487145	4203.125
-10.680156119071498	4375.0
-10.616152053655851	4281.25
-10.552147988240202	4218.75
-10.488143922824555	4453.125
-10.424139857408909	4125.0
-10.360135791993262	4234.375
-10.296131726577615	4281.25
-10.232127661161968	4343.75
-10.16812359574632	4062.5
-10.10411953033067	4390.625
-10.040115464915026	4390.625
-9.976111399499377	4312.5
-9.912107334083732	4250.0
-9.848103268668083	4250.0
-9.784099203252435	4390.625
-9.72009513783679	4046.875
-9.656091072421141	4437.5
-9.592087007005496	4875.0
-9.528082941589847	4468.75
-9.464078876174199	4609.375
-9.400074810758554	4234.375
-9.336070745342905	4140.625
-9.27206667992726	3906.25
-9.208062614511611	4078.125
-9.144058549095963	4640.625
-9.080054483680318	4968.75
-9.016050418264669	4031.25
-8.95204635284902	4062.5
-8.888042287433375	4109.375
-8.824038222017727	4625.0
-8.760034156602082	4515.625
-8.696030091186433	4609.375
-8.632026025770784	4109.375
-8.56802196035514	4171.875
-8.50401789493949	4343.75
-8.440013829523846	4406.25
-8.376009764108197	4296.875
-8.312005698692548	4343.75
-8.248001633276903	4421.875
-8.183997567861255	4515.625
-8.11999350244561	4578.125
-8.055989437029961	4250.0
-7.991985371614312	4328.125
-7.927981306198667	4250.0
-7.863977240783019	3843.75
-7.79997317536737	4343.75
-7.735969109951725	3953.125
-7.671965044536076	3953.125
-7.607960979120431	4515.625
-7.543956913704783	4781.25
-7.479952848289134	4250.0
-7.415948782873489	4406.25
-7.35194471745784	4484.375
-7.287940652042195	4656.25
-7.223936586626547	4484.375
-7.159932521210898	4500.0
-7.095928455795253	3718.75
-7.031924390379604	4015.625
-6.967920324963959	4265.625
-6.903916259548311	4140.625
-6.839912194132662	4140.625
-6.775908128717017	4468.75
-6.711904063301368	4500.0
-6.647899997885723	4375.0
-6.5838959324700745	4203.125
-6.519891867054426	4312.5
-6.455887801638781	4578.125
-6.391883736223132	4046.875
-6.327879670807484	4671.875
-6.2638756053918385	4671.875
-6.19987153997619	4640.625
-6.135867474560545	4343.75
-6.071863409144896	4421.875
-6.007859343729248	3984.375
-5.9438552783136025	4656.25
-5.879851212897954	4468.75
-5.815847147482309	4437.5
-5.75184308206666	4031.25
-5.6878390166510115	4218.75
-5.6238349512353665	4343.75
-5.559830885819718	4218.75
-5.495826820404073	4250.0
-5.431822754988424	3968.75
-5.3678186895727755	4578.125
-5.3038146241571305	4218.75
-5.239810558741482	4328.125
-5.175806493325837	4203.125
-5.111802427910188	4000.0
-5.0477983624945395	4031.25
-4.983794297078894	4312.5
-4.919790231663246	4140.625
-4.855786166247597	4484.375
-4.791782100831952	4296.875
-4.7277780354163035	3906.25
-4.663773970000658	4515.625
-4.59976990458501	4062.5
-4.535765839169361	3828.125
-4.471761773753716	4406.25
-4.4077577083380675	4281.25
-4.343753642922422	4125.0
-4.279749577506774	4468.75
-4.215745512091125	4562.5
-4.15174144667548	4203.125
-4.087737381259831	4187.5
-4.023733315844186	4406.25
-3.9597292504285377	4406.25
-3.895725185012889	4406.25
-3.831721119597244	4000.0
-3.7677170541815954	4812.5
-3.7037129887659503	4281.25
-3.6397089233503017	3968.75
-3.575704857934653	4812.5
-3.511700792519008	4734.375
-3.4476967271033594	4328.125
-3.3836926616877108	4484.375
-3.3196885962720657	3953.125
-3.255684530856417	4046.875
-3.191680465440772	3859.375
-3.1276764000251234	3875.0
-3.0636723346094747	4390.625
-2.9996682691938297	4734.375
-2.935664203778181	4281.25
-2.871660138362536	4437.5
-2.8076560729468873	4203.125
-2.7436520075312387	4031.25
-2.6796479421155937	4359.375
-2.615643876699945	4234.375
-2.5516398112843	4312.5
-2.4876357458686513	4453.125
-2.4236316804530027	4156.25
-2.3596276150373576	4343.75
-2.295623549621709	4703.125
-2.2316194842060604	3687.5
-2.1676154187904153	3968.75
-2.1036113533747667	4421.875
-2.0396072879591216	3906.25
-1.975603222543473	4437.5
-1.9115991571278244	4343.75
-1.8475950917121793	4000.0
-1.7835910262965307	3968.75
-1.7195869608808856	4234.375
-1.655582895465237	4218.75
-1.5915788300495883	4265.625
-1.5275747646339433	3828.125
-1.4635706992182946	4203.125
-1.3995666338026496	4000.0
-1.335562568387001	4375.0
-1.2715585029713523	4312.5
-1.2075544375557072	4109.375
-1.1435503721400586	4250.0
-1.0795463067244135	4546.875
-1.015542241308765	4031.25
-0.9515381758931163	4078.125
-0.8875341104774712	4406.25
-0.8235300450618226	3812.5
-0.759525979646174	4421.875
-0.6955219142305289	4140.625
-0.6315178488148803	4250.0
-0.5675137833992352	4546.875
-0.5035097179835866	4390.625
-0.43950565256793794	4312.5
-0.37550158715229287	4859.375
-0.31149752173664425	3781.25
-0.24749345632099917	4484.375
-0.18348939090535055	5515.625
-0.11948532548970192	5296.875
-0.05548126007405685	6171.875
0.008522805341591777	6796.875
0.07252687075723685	7640.625
0.13653093617288548	7312.5
0.2005350015885341	7515.625
0.2645390670041792	8296.875
0.3285431324198278	9375.0
0.3925471978354764	9531.25
0.4565512632511215	9640.625
0.5205553286667701	9937.5
0.5845593940824152	10609.375
0.6485634594980638	10312.5
0.7125675249137124	10468.75
0.7765715903293575	11781.25
0.8405756557450061	10750.0
0.9045797211606512	12140.625
0.9685837865762998	10828.125
1.0325878519919485	11234.375
1.0965919174075935	10531.25
1.1605959828232422	11437.5
1.2246000482388872	10781.25
1.2886041136545359	12515.625
1.3526081790701845	11890.625
1.4166122444858296	12187.5
1.4806163099014782	12125.0
1.5446203753171233	11906.25
1.6086244407327719	11796.875
1.6726285061484205	11796.875
1.7366325715640656	13328.125
1.8006366369797142	12921.875
1.8646407023953628	12750.0
1.928644767811008	13062.5
1.9926488332266565	12812.5
2.0566528986423016	12968.75
2.1206569640579502	12718.75
2.184661029473599	13328.125
2.248665094889244	13328.125
2.3126691603048926	13234.375
2.3766732257205376	13796.875
2.4406772911361863	13093.75
2.504681356551835	13437.5
2.56868542196748	13828.125
2.6326894873831286	13656.25
2.6966935527987737	14234.375
2.7606976182144223	13453.125
2.824701683630071	13390.625
2.888705749045716	12421.875
2.9527098144613646	12906.25
3.0167138798770097	12828.125
3.0807179452926583	12906.25
3.144722010708307	12406.25
3.208726076123952	11656.25
3.2727301415396006	12296.875
3.3367342069552492	12500.0
3.4007382723708943	13062.5
3.464742337786543	12140.625
3.528746403202188	12312.5
3.5927504686178366	11546.875
3.6567545340334853	12015.625
3.7207585994491303	11187.5
3.784762664864779	11250.0
3.848766730280424	10734.375
3.9127707956960727	10421.875
3.9767748611117213	10890.625
4.040778926527366	10968.75
4.104782991943015	10562.5
4.16878705735866	10671.875
4.232791122774309	10593.75
4.296795188189957	10406.25
4.360799253605602	9937.5
4.424803319021251	9515.625
4.488807384436896	11078.125
4.552811449852545	9828.125
4.616815515268193	9203.125
4.680819580683838	8578.125
4.744823646099487	9421.875
4.808827711515136	8265.625
4.872831776930781	8484.375
4.936835842346429	8437.5
5.000839907762074	8328.125
5.064843973177723	8906.25
5.128848038593372	8093.75
5.192852104009017	8406.25
5.256856169424665	9203.125
5.3208602348403105	8578.125
5.384864300255959	8203.125
5.448868365671608	8109.375
5.512872431087253	7765.625
5.576876496502901	8218.75
5.6408805619185465	8000.0
5.704884627334195	7781.25
5.76888869274984	8062.5
5.832892758165492	8125.0
5.896896823581137	7343.75
5.9609008889967825	7671.875
6.024904954412435	7453.125
6.08890901982808	7343.75
6.152913085243725	7343.75
6.21691715065937	7140.625
6.280921216075022	8140.625
6.344925281490667	7453.125
6.408929346906312	7593.75
6.472933412321964	7125.0
6.5369374777376095	7062.5
6.6009415431532545	6734.375
6.664945608568907	7234.375
6.728949673984552	7328.125
6.792953739400197	7328.125
6.856957804815849	7265.625
6.920961870231494	6593.75
6.984965935647139	6515.625
7.048970001062784	7000.0
7.112974066478436	6500.0
7.1769781318940815	6312.5
7.240982197309727	6375.0
7.304986262725379	6781.25
7.368990328141024	6796.875
7.432994393556669	7140.625
7.496998458972321	6500.0
7.561002524387966	6859.375
7.625006589803611	6468.75
7.689010655219256	6078.125
7.7530147206349085	6234.375
7.817018786050554	5984.375
7.881022851466199	6031.25
7.945026916881851	6250.0
8.009030982297496	6468.75
8.073035047713141	6218.75
8.137039113128793	5812.5
8.201043178544438	5609.375
8.265047243960083	5921.875
8.329051309375735	6015.625
8.39305537479138	5906.25
8.457059440207026	5484.375
8.52106350562267	4890.625
8.585067571038323	5546.875
8.649071636453968	5375.0
8.713075701869613	5609.375
8.777079767285265	5515.625
8.84108383270091	5312.5
8.905087898116555	5609.375
8.969091963532208	5453.125
9.033096028947853	6031.25
9.097100094363498	5656.25
9.161104159779143	5500.0
9.225108225194795	5234.375
9.28911229061044	5515.625
9.353116356026085	5859.375
9.417120421441737	5890.625
9.481124486857382	5640.625
9.545128552273027	5750.0
9.60913261768868	5812.5
9.673136683104325	5406.25
9.73714074851997	5562.5
9.801144813935622	5781.25
9.865148879351267	5609.375
9.929152944766912	5531.25
9.993157010182557	5640.625
10.05716107559821	6234.375
10.121165141013854	5468.75
10.1851692064295	5890.625
10.249173271845152	6140.625
10.313177337260797	5718.75
10.377181402676442	5890.625
10.441185468092094	5656.25
10.505189533507739	5640.625
10.569193598923384	5546.875
10.633197664339036	5593.75
10.697201729754681	5125.0
10.761205795170326	4968.75
10.825209860585971	5750.0
10.889213926001624	5562.5
10.953217991417269	4562.5
11.017222056832914	5375.0
11.081226122248566	5421.875
11.145230187664211	5296.875
11.209234253079856	4656.25
11.273238318495508	5515.625
11.337242383911153	5515.625
11.401246449326798	4984.375
11.465250514742443	5453.125
11.529254580158096	4812.5
11.59325864557374	4968.75
11.657262710989386	5078.125
11.721266776405038	5515.625
11.785270841820683	4843.75
11.849274907236328	4812.5
11.91327897265198	5156.25
11.977283038067625	4765.625
12.04128710348327	5281.25
12.105291168898923	4765.625
12.169295234314568	4968.75
12.233299299730213	4703.125
12.297303365145858	5000.0
12.36130743056151	5046.875
12.425311495977155	4921.875
12.4893155613928	4734.375
12.553319626808452	4390.625
12.617323692224097	4671.875
12.681327757639743	4687.5
12.745331823055395	4750.0
12.80933588847104	4500.0
12.873339953886685	4765.625
12.93734401930233	4812.5
13.001348084717982	4812.5
13.065352150133627	4437.5
13.129356215549272	4937.5
13.193360280964924	4734.375
13.25736434638057	4687.5
13.321368411796215	4953.125
13.385372477211867	5000.0
13.449376542627512	4703.125
13.513380608043157	4953.125
13.577384673458809	4359.375
13.641388738874454	4593.75
13.7053928042901	4656.25
13.769396869705744	5078.125
13.833400935121396	4312.5
13.897405000537042	4593.75
13.961409065952687	4437.5
14.025413131368339	4718.75
14.089417196783984	4750.0
14.153421262199629	4640.625
14.217425327615281	4406.25
14.281429393030926	4343.75
14.345433458446571	4781.25
14.409437523862216	4625.0
14.473441589277869	4234.375
14.537445654693514	5390.625
14.601449720109159	4328.125
14.66545378552481	4671.875
14.729457850940456	4078.125
14.793461916356101	4203.125
14.857465981771753	4687.5
14.921470047187398	4296.875
14.985474112603043	4593.75
15.049478178018695	5296.875
15.11348224343434	5109.375
15.177486308849986	4296.875
15.24149037426563	4718.75
15.305494439681283	4312.5
15.369498505096928	4125.0
15.433502570512573	4750.0
15.497506635928225	3859.375
15.56151070134387	4531.25
15.625514766759515	4906.25
15.689518832175168	5109.375
15.753522897590813	5140.625
15.817526963006458	4750.0
15.881531028422103	5468.75
15.945535093837755	4921.875
16.0095391592534	5359.375
16.073543224669045	4640.625
16.137547290084697	4750.0
16.201551355500342	4703.125
16.265555420915987	4515.625
16.32955948633164	4687.5
16.393563551747285	4343.75
16.45756761716293	4515.625
16.521571682578582	4578.125
16.585575747994227	4609.375
16.649579813409872	4734.375
16.713583878825517	5046.875
16.77758794424117	4859.375
16.841592009656814	5125.0
16.90559607507246	4703.125
16.96960014048811	4484.375
17.033604205903757	5140.625
17.0976082713194	4468.75
17.161612336735054	4796.875
17.2256164021507	4578.125
17.289620467566344	4468.75
17.35362453298199	4359.375
17.41762859839764	4453.125
17.481632663813286	4703.125
17.54563672922893	4484.375
17.609640794644584	4343.75
17.67364486006023	4859.375
17.737648925475874	4343.75
17.801652990891526	4484.375
17.86565705630717	5031.25
17.929661121722816	5421.875
17.99366518713847	4640.625
18.057669252554113	4156.25
18.12167331796976	4921.875
18.185677383385404	4359.375
18.249681448801056	4828.125
18.3136855142167	4687.5
18.377689579632346	4250.0
18.441693645047998	4937.5
18.505697710463643	4265.625
18.569701775879288	4593.75
18.63370584129494	4375.0
18.697709906710585	4718.75
18.76171397212623	4328.125
18.825718037541876	4437.5
18.889722102957528	4265.625
18.953726168373173	4265.625
19.017730233788818	4171.875
19.08173429920447	5000.0
19.145738364620115	4406.25
19.20974243003576	4718.75
19.273746495451412	4703.125
19.337750560867057	4296.875
19.401754626282703	4578.125
19.465758691698355	4734.375
19.529762757114	4328.125
19.593766822529645	4406.25
19.65777088794529	4312.5
19.721774953360942	4703.125
19.785779018776587	4296.875
19.849783084192232	4562.5
19.913787149607884	4703.125
19.97779121502353	4515.625
20.041795280439175	5406.25
20.105799345854827	4296.875
20.169803411270472	4484.375
20.233807476686117	4687.5
20.29781154210177	4453.125
20.361815607517414	4203.125
20.42581967293306	4062.5
20.489823738348704	4796.875
20.553827803764356	4296.875
20.61783186918	4625.0
20.681835934595647	4343.75
20.7458400000113	4484.375
20.809844065426944	4312.5
20.87384813084259	4234.375
20.93785219625824	4156.25
21.001856261673886	4312.5
21.06586032708953	4312.5
21.129864392505176	4046.875
21.19386845792083	3812.5
21.257872523336474	4468.75
21.32187658875212	4328.125
21.38588065416777	4234.375
21.449884719583416	4312.5
21.51388878499906	4328.125
21.577892850414713	4375.0
21.64189691583036	4312.5
21.705900981246003	4359.375
21.769905046661655	4312.5
21.8339091120773	4187.5
21.897913177492946	4031.25
21.96191724290859	4500.0
22.025921308324243	4250.0
22.089925373739888	4671.875
22.153929439155533	4187.5
22.217933504571185	4828.125
22.28193756998683	4828.125
22.345941635402475	4656.25
22.409945700818128	4437.5
22.473949766233773	4515.625
22.537953831649418	4515.625
22.601957897065063	4546.875
22.665961962480715	4078.125
22.72996602789636	4453.125
22.793970093312005	4656.25
22.857974158727657	4453.125
22.921978224143302	4328.125
22.985982289558947	4312.5
23.0499863549746	4328.125
23.113990420390245	4750.0
23.17799448580589	4562.5
23.241998551221542	4562.5
23.306002616637187	4609.375
23.370006682052832	4218.75
23.434010747468477	4453.125
23.49801481288413	4250.0
23.562018878299774	4718.75
23.62602294371542	4671.875
23.69002700913107	4281.25
23.754031074546717	4796.875
23.81803513996236	4031.25
23.882039205378014	3828.125
23.94604327079366	4218.75
24.010047336209304	4843.75
24.07405140162495	4156.25
24.1380554670406	4406.25
24.202059532456246	4187.5
24.26606359787189	4625.0
24.330067663287544	4812.5
24.39407172870319	4812.5
24.458075794118834	4421.875
24.522079859534486	4140.625
24.58608392495013	4093.75
24.650087990365776	4875.0
24.71409205578143	4265.625
24.778096121197073	4546.875
24.84210018661272	4312.5
24.906104252028364	4656.25
24.970108317444016	4343.75
25.03411238285966	4640.625
25.098116448275306	4734.375
25.162120513690958	4406.25
25.226124579106603	4281.25
25.290128644522248	4390.625
25.3541327099379	5000.0
25.418136775353545	4421.875
25.48214084076919	4453.125
25.546144906184836	4062.5
25.610148971600488	3906.25
25.674153037016133	4296.875
25.738157102431778	4515.625
25.80216116784743	4171.875
25.866165233263075	4625.0
25.93016929867872	4609.375
25.994173364094372	4343.75
26.058177429510017	4359.375
26.122181494925663	4468.75
26.186185560341315	4078.125
26.25018962575696	3578.125
26.314193691172605	4828.125
26.37819775658825	4265.625
26.442201822003902	4562.5
26.506205887419547	3906.25
26.570209952835192	4453.125
26.634214018250844	4296.875
26.69821808366649	4484.375
26.762222149082135	4187.5
26.826226214497787	4890.625
26.890230279913432	4671.875
26.954234345329077	4734.375
27.01823841074473	4578.125
27.082242476160374	4453.125
27.14624654157602	4359.375
27.210250606991664	4609.375
27.274254672407316	4171.875
27.33825873782296	4328.125
27.402262803238607	4625.0
27.46626686865426	4687.5
27.530270934069904	3718.75
27.59427499948555	3875.0
27.6582790649012	4328.125
27.722283130316846	4453.125
27.78628719573249	4046.875
27.850291261148136	4234.375
27.91429532656379	4484.375
27.978299391979434	4046.875
28.04230345739508	4421.875
28.10630752281073	3859.375
28.170311588226376	3953.125
28.23431565364202	4312.5
28.298319719057673	4296.875
28.36232378447332	4218.75
28.426327849888963	4218.75
28.490331915304616	4796.875
28.55433598072026	4328.125
28.618340046135906	4515.625
28.68234411155155	4375.0
28.746348176967203	4296.875
28.810352242382848	4359.375
28.874356307798493	4718.75
28.938360373214145	4093.75
29.00236443862979	4515.625
29.066368504045435	4578.125
29.130372569461088	4015.625
29.194376634876733	4390.625
29.258380700292378	4343.75
29.322384765708023	4390.625
29.386388831123675	3890.625
29.45039289653932	4250.0
29.514396961954965	4140.625
29.578401027370617	3875.0
29.642405092786262	4031.25
29.706409158201907	4515.625
29.77041322361756	4500.0
29.834417289033205	4500.0
29.89842135444885	4359.375
29.962425419864502	4031.25
30.026429485280147	3843.75
30.090433550695792	4062.5
30.154437616111437	4562.5
30.21844168152709	3843.75
30.282445746942734	4390.625
30.34644981235838	4187.5
30.41045387777403	4468.75
30.474457943189677	4734.375
30.538462008605322	4468.75
30.602466074020974	4531.25
30.66647013943662	4484.375
30.730474204852264	4578.125
30.79447827026791	4703.125
30.85848233568356	4484.375
30.922486401099206	4281.25
30.98649046651485	4375.0
31.050494531930504	4015.625
31.11449859734615	4500.0
31.178502662761794	4281.25
31.242506728177446	4109.375
31.30651079359309	4421.875
31.370514859008736	4531.25
31.43451892442439	4000.0
31.498522989840033	4390.625
31.56252705525568	4281.25
31.626531120671324	4531.25
31.690535186086976	3875.0
31.75453925150262	4171.875
31.818543316918266	4125.0
31.882547382333918	4156.25
31.946551447749563	4546.875
32.01055551316521	4390.625
32.07455957858086	4437.5
32.138563643996505	3953.125
32.20256770941215	4437.5
32.266571774827796	4484.375
32.33057584024345	4468.75
32.39457990565909	4109.375
32.45858397107474	4234.375
32.52258803649039	4640.625
32.586592101906035	3984.375
32.65059616732168	4312.5
32.71460023273733	5265.625
32.77860429815298	4531.25
32.84260836356862	4453.125
32.906612428984275	4343.75
32.97061649439992	4031.25
33.034620559815565	4015.625
33.09862462523121	4500.0
33.16262869064686	4890.625
33.22663275606251	4656.25
33.29063682147815	4843.75
33.354640886893804	4765.625
33.41864495230945	4031.25
33.482649017725095	4718.75
33.54665308314075	4062.5
33.61065714855639	4171.875
33.67466121397204	4453.125
33.73866527938768	4296.875
33.802669344803334	4687.5
33.86667341021898	4750.0
33.930677475634624	4343.75
33.99468154105028	4953.125
34.05868560646592	4515.625
34.12268967188157	4328.125
34.18669373729722	4453.125
34.250697802712864	4421.875
34.31470186812851	4656.25
34.37870593354416	4343.75
34.442709998959806	4515.625
34.50671406437545	4234.375
34.570718129791096	4296.875
34.63472219520675	4453.125
34.698726260622394	4421.875
34.76273032603804	4812.5
34.82673439145369	4250.0
34.890738456869336	4187.5
34.95474252228498	4062.5
35.01874658770063	4359.375
35.08275065311628	4203.125
35.14675471853192	4687.5
35.21075878394757	4312.5
35.27476284936322	4546.875
35.338766914778866	4250.0
35.40277098019451	4296.875
35.46677504561016	4593.75
35.53077911102581	4156.25
35.59478317644145	4421.875
35.658787241857105	4203.125
35.72279130727275	3984.375
35.786795372688395	4343.75
35.85079943810405	4187.5
35.91480350351969	4203.125
35.97880756893534	4468.75
36.04281163435098	4468.75
36.106815699766635	4140.625
36.17081976518228	4250.0
36.234823830597925	4781.25
36.29882789601358	4171.875
36.36283196142922	4156.25
36.42683602684487	4156.25
36.49084009226052	4656.25
36.554844157676165	3640.625
36.61884822309181	4546.875
36.68285228850746	4843.75
36.74685635392311	4921.875
36.81086041933875	4218.75
36.8748644847544	4390.625
36.93886855017005	4187.5
37.002872615585694	4593.75
37.06687668100134	4171.875
37.13088074641699	4031.25
37.19488481183264	3375.0
37.25888887724828	4250.0
37.322892942663934	4234.375
37.38689700807958	4468.75
37.450901073495224	4421.875
37.51490513891087	4343.75
37.57890920432652	3968.75
37.64291326974217	4125.0
37.70691733515781	4171.875
37.77092140057346	4296.875
37.8349254659891	4328.125
37.89892953140476	4343.75
37.962933596820406	4578.125
38.02693766223605	4140.625
38.090941727651696	3718.75
38.15494579306734	4390.625
38.218949858482986	4171.875
38.282953923898646	3968.75
38.34695798931429	4078.125
38.410962054729936	3968.75
38.47496612014558	4046.875
38.538970185561226	4218.75
38.60297425097687	4390.625
38.666978316392516	4234.375
38.730982381808175	4031.25
38.79498644722382	4234.375
38.858990512639465	4468.75
38.92299457805511	4593.75
38.986998643470756	4406.25
39.0510027088864	4453.125
39.11500677430206	4203.125
39.179010839717705	4250.0
39.24301490513335	4343.75
39.307018970548995	4640.625
39.37102303596464	4250.0
39.435027101380285	4234.375
39.49903116679593	4406.25
39.56303523221159	4125.0
39.627039297627235	5078.125
39.69104336304288	4265.625
39.755047428458525	4078.125
39.81905149387417	4781.25
39.883055559289815	4640.625
39.947059624705474	3546.875
40.01106369012112	4046.875
40.075067755536764	4187.5
40.13907182095241	4609.375
40.203075886368055	4359.375
40.2670799517837	4375.0
40.331084017199345	4156.25
40.395088082615004	3750.0
40.45909214803065	3859.375
40.523096213446294	4156.25
40.58710027886194	4359.375
40.651104344277584	4515.625
40.71510840969323	4046.875
40.77911247510889	4218.75
40.843116540524534	4375.0
40.90712060594018	4453.125
40.971124671355824	3906.25
41.03512873677147	3875.0
41.099132802187114	4140.625
41.16313686760276	4515.625
41.22714093301842	4640.625
41.29114499843406	4906.25
41.35514906384971	4390.625
41.419153129265354	4281.25
41.483157194681	4312.5
41.547161260096644	3609.375
41.61116532551229	3921.875
41.67516939092795	4656.25
41.73917345634359	4375.0
41.80317752175924	4281.25
41.86718158717488	4578.125
41.93118565259053	3796.875
41.99518971800617	4562.5
42.05919378342183	4578.125
42.12319784883748	4562.5
42.18720191425312	4390.625
42.25120597966877	4640.625
42.31521004508441	4562.5
42.37921411050006	4234.375
42.4432181759157	4781.25
42.50722224133136	4171.875
42.57122630674701	4390.625
42.63523037216265	4312.5
42.6992344375783	4046.875
42.76323850299394	4640.625
42.82724256840959	4250.0
42.89124663382525	4187.5
42.95525069924089	4609.375
43.01925476465654	4093.75
43.08325883007218	4453.125
43.14726289548783	4250.0
43.21126696090347	4109.375
43.27527102631912	4359.375
43.33927509173478	4296.875
43.40327915715042	4234.375
43.46728322256607	4828.125
43.53128728798171	4359.375
43.59529135339736	4625.0
43.659295418813	4593.75
43.72329948422866	4296.875
43.78730354964431	4750.0
43.85130761505995	4359.375
43.9153116804756	4250.0
43.97931574589124	4453.125
44.04331981130689	4750.0
44.10732387672253	4812.5
44.17132794213819	3968.75
44.235332007553836	4312.5
44.29933607296948	4234.375
44.36334013838513	4031.25
44.42734420380077	4218.75
44.49134826921642	4390.625
44.55535233463206	4265.625
44.61935640004772	4484.375
44.683360465463366	3781.25
44.74736453087901	4015.625
44.811368596294656	4531.25
44.8753726617103	3875.0
44.939376727125946	4890.625
45.003380792541606	4593.75
45.06738485795725	4515.625
45.131388923372896	4515.625
45.19539298878854	4234.375
45.259397054204186	3984.375
45.32340111961983	4937.5
45.387405185035476	4234.375
45.451409250451135	3968.75
45.51541331586678	4125.0
45.579417381282425	4593.75
45.64342144669807	3921.875
45.707425512113716	4406.25
45.77142957752936	4406.25
45.83543364294502	4500.0
45.899437708360665	4296.875
45.96344177377631	4015.625
46.027445839191955	4734.375
46.0914499046076	4765.625
46.155453970023245	4078.125
46.21945803543889	4281.25
46.28346210085455	4171.875
46.347466166270195	4593.75
46.41147023168584	4218.75
46.475474297101485	4468.75
46.53947836251713	4859.375
46.603482427932775	3921.875
46.667486493348434	4640.625
46.73149055876408	4765.625
46.795494624179724	4484.375
46.85949868959537	4421.875
46.923502755011015	4578.125
46.98750682042666	4187.5
47.051510885842305	4921.875
47.115514951257964	4500.0
47.17951901667361	4093.75
47.243523082089254	4234.375
47.3075271475049	4500.0
47.371531212920544	3734.375
47.43553527833619	4843.75
47.49953934375185	3984.375
47.563543409167494	4640.625
47.62754747458314	4343.75
47.691551539998784	4312.5
47.75555560541443	4203.125
47.819559670830074	4578.125
47.88356373624572	4281.25
47.94756780166138	4140.625
48.01157186707702	4140.625
48.07557593249267	4109.375
48.139579997908314	4531.25
48.20358406332396	4421.875
48.267588128739604	4343.75
48.33159219415525	4359.375
48.39559625957091	4406.25
48.45960032498655	4312.5
48.5236043904022	4171.875
48.58760845581784	4531.25
48.65161252123349	4546.875
48.71561658664913	4125.0
48.77962065206479	4843.75
48.84362471748044	4093.75
48.90762878289608	4125.0
48.97163284831173	4468.75
49.03563691372737	4171.875
49.09964097914302	4250.0
49.16364504455866	5078.125
49.22764910997432	4640.625
49.29165317538997	4312.5
49.35565724080561	4265.625
49.41966130622126	4015.625
49.4836653716369	4625.0
49.54766943705255	4484.375
49.61167350246821	4250.0
49.67567756788385	4421.875
49.7396816332995	4781.25
49.80368569871514	4484.375
49.86768976413079	3859.375
49.93169382954643	4609.375
49.99569789496208	3875.0
50.05970196037774	4156.25
50.12370602579338	4593.75
50.18771009120903	4453.125
50.25171415662467	4546.875
50.31571822204032	4359.375
50.37972228745596	4078.125
50.44372635287162	4750.0
50.50773041828727	4093.75
50.57173448370291	4265.625
50.63573854911856	3921.875
50.6997426145342	3921.875
50.76374667994985	4484.375
50.82775074536549	4390.625
50.89175481078115	4234.375
50.955758876196796	4093.75
51.01976294161244	4343.75
51.08376700702809	4406.25
51.14777107244373	4281.25
51.21177513785938	4453.125
51.27577920327502	4156.25
51.33978326869068	4406.25
51.403787334106326	4390.625
51.46779139952197	4421.875
51.531795464937616	4343.75
51.59579953035326	3796.875
51.659803595768906	4375.0
51.723807661184566	4109.375
51.78781172660021	4593.75
51.851815792015856	4562.5
51.9158198574315	4093.75
51.979823922847146	4375.0
52.04382798826279	4062.5
52.107832053678436	4234.375
52.171836119094095	4453.125
52.23584018450974	4156.25
52.299844249925385	4515.625
52.36384831534103	4296.875
52.427852380756676	4546.875
52.49185644617232	4171.875
52.55586051158798	4093.75
52.619864577003625	4218.75
52.68386864241927	4265.625
52.747872707834915	4640.625
52.81187677325056	4125.0
52.875880838666205	4375.0
52.93988490408185	4515.625
53.00388896949751	4328.125
53.067893034913155	4125.0
53.1318971003288	3750.0
53.195901165744445	4203.125
53.25990523116009	4484.375
53.323909296575735	4828.125
53.387913361991394	4187.5
53.45191742740704	4640.625
53.515921492822685	4109.375
53.57992555823833	3953.125
53.643929623653975	4125.0
53.70793368906962	4218.75
53.771937754485265	4093.75
53.835941819900924	4015.625
53.89994588531657	4281.25
53.963949950732214	3953.125
54.02795401614786	4843.75
54.091958081563504	4234.375
54.15596214697915	4781.25
54.219966212394795	4078.125
54.283970277810454	4312.5
54.3479743432261	4593.75
54.411978408641744	4390.625
54.47598247405739	4437.5
54.539986539473034	4265.625
54.60399060488868	4343.75
54.66799467030434	4171.875
54.73199873571998	4515.625
54.79600280113563	4312.5
54.860006866551274	4296.875
54.92401093196692	4406.25
54.988014997382564	4453.125
55.05201906279821	4093.75
55.11602312821387	3984.375
55.18002719362951	4125.0
55.24403125904516	4312.5
55.3080353244608	4578.125
55.37203938987645	4140.625
55.43604345529209	4140.625
55.50004752070775	4234.375
55.5640515861234	5015.625
55.62805565153904	4546.875
55.69205971695469	4234.375
55.75606378237033	4140.625
55.82006784778598	4250.0
55.88407191320162	4437.5
55.94807597861728	4000.0
56.01208004403293	3859.375
56.07608410944857	4156.25
56.14008817486422	4531.25
56.20409224027986	4265.625
56.26809630569551	4375.0
56.33210037111117	4234.375
56.39610443652681	4453.125
56.46010850194246	4000.0
56.5241125673581	4109.375
56.58811663277375	4265.625
56.65212069818939	4375.0
56.71612476360504	4093.75
56.7801288290207	4796.875
56.84413289443634	4593.75
56.90813695985199	3734.375
56.97214102526763	4171.875
57.03614509068328	4031.25
57.10014915609892	4562.5
57.16415322151458	4031.25
57.22815728693023	4562.5
57.29216135234587	4171.875
57.35616541776152	4187.5
57.42016948317716	4171.875
57.48417354859281	4390.625
57.54817761400845	4390.625
57.61218167942411	4156.25
57.676185744839756	4375.0
57.7401898102554	4609.375
57.80419387567105	4625.0
57.86819794108669	4171.875
57.93220200650234	4187.5
57.99620607191798	4390.625
58.06021013733364	4296.875
58.124214202749286	4328.125
58.18821826816493	4625.0
58.252222333580576	3656.25
58.31622639899622	4125.0
58.380230464411866	4437.5
58.444234529827526	4687.5
58.50823859524317	4125.0
58.572242660658816	4171.875
58.63624672607446	4343.75
58.700250791490106	3562.5
58.76425485690575	4265.625
58.828258922321396	4359.375
58.892262987737055	4203.125
58.9562670531527	4156.25
59.020271118568346	4218.75
59.08427518398399	4234.375
59.148279249399636	4265.625
59.21228331481528	4468.75
59.27628738023094	4390.625
59.340291445646585	4375.0
59.40429551106223	4531.25
59.468299576477875	4859.375
59.53230364189352	4250.0
59.596307707309165	4218.75
59.66031177272481	3937.5
59.72431583814047	4312.5
59.788319903556115	4421.875
59.85232396897176	4640.625
59.916328034387405	4406.25
59.98033209980305	4125.0
60.044336165218695	4109.375
60.108340230634354	3890.625
60.17234429605	4625.0
60.236348361465645	4078.125
60.30035242688129	3890.625
60.364356492296935	3656.25
60.42836055771258	4468.75
60.492364623128225	4093.75
60.556368688543884	4343.75
60.62037275395953	4046.875
60.684376819375174	4140.625
60.74838088479082	4187.5
60.812384950206464	4359.375
60.87638901562211	4531.25
60.940393081037755	4140.625
61.004397146453414	4234.375
61.06840121186906	4390.625
61.132405277284704	4015.625
61.19640934270035	3984.375
61.260413408115994	3843.75
61.32441747353164	4031.25
61.3884215389473	4171.875
61.45242560436294	4046.875
61.51642966977859	4250.0
61.580433735194234	4000.0
61.64443780060988	4515.625
61.708441866025524	4343.75
61.77244593144117	4250.0
61.83644999685683	4343.75
61.90045406227247	4062.5
61.96445812768812	4000.0
62.02846219310376	4109.375
62.09246625851941	4156.25
62.156470323935054	4453.125
62.22047438935071	4296.875
62.28447845476636	4437.5
62.348482520182	4546.875
62.41248658559765	4375.0
62.47649065101329	4203.125
62.54049471642894	4015.625
62.60449878184458	4812.5
62.66850284726024	3671.875
62.73250691267589	3828.125
62.79651097809153	4265.625
62.86051504350718	3890.625
62.92451910892282	4296.875
62.98852317433847	3812.5
63.05252723975413	4203.125
63.11653130516977	4562.5
63.18053537058542	4718.75
63.24453943600106	4578.125
63.30854350141671	4062.5
63.37254756683235	4500.0
63.436551632248	4359.375
63.50055569766366	4203.125
63.5645597630793	4656.25
63.62856382849495	3937.5
63.69256789391059	4625.0
63.75657195932624	4468.75
63.82057602474188	4328.125
63.88458009015753	4609.375
63.94858415557319	4859.375
64.01258822098883	4265.625
64.07659228640448	4390.625
64.14059635182012	3906.25
64.20460041723577	4906.25
64.26860448265141	4234.375
64.33260854806707	4593.75
64.39661261348272	4187.5
64.46061667889836	4234.375
64.524620744314	3765.625
64.58862480972965	4843.75
64.6526288751453	4718.75
64.71663294056094	3984.375
64.7806370059766	4781.25
64.84464107139225	4218.75
64.90864513680789	4265.625
64.97264920222354	3921.875
65.03665326763918	4546.875
65.10065733305483	3734.375
65.16466139847049	4328.125
65.22866546388613	4343.75
65.29266952930178	3828.125
65.35667359471742	4390.625
65.42067766013307	4093.75
65.48468172554871	4156.25
65.54868579096436	4093.75
65.61268985638002	4218.75
65.67669392179566	4078.125
65.7406979872113	4468.75
65.80470205262695	4000.0
65.8687061180426	4203.125
65.93271018345824	4109.375
65.9967142488739	3796.875
66.06071831428955	4078.125
66.12472237970519	4281.25
66.18872644512084	4187.5
66.25273051053648	4156.25
66.31673457595213	3906.25
66.38073864136777	4734.375
66.44474270678343	4687.5
66.50874677219907	4500.0
66.57275083761472	4078.125
66.63675490303036	4562.5
66.70075896844601	4296.875
66.76476303386166	4734.375
66.82876709927731	4046.875
66.89277116469296	4250.0
66.9567752301086	4375.0
67.02077929552425	3984.375
67.0847833609399	4125.0
67.14878742635554	3796.875
67.21279149177118	4421.875
67.27679555718684	3968.75
67.34079962260249	4531.25
67.40480368801813	4281.25
67.46880775343378	4718.75
67.53281181884942	4187.5
67.59681588426507	4359.375
67.66081994968071	4343.75
67.72482401509637	4546.875
67.78882808051202	4500.0
67.85283214592766	4312.5
67.91683621134331	3656.25
67.98084027675895	4468.75
68.0448443421746	4296.875
68.10884840759026	4093.75
68.1728524730059	4781.25
68.23685653842155	3609.375
68.3008606038372	4312.5
68.36486466925284	4296.875
68.42886873466848	3875.0
68.49287280008413	4046.875
68.55687686549979	4781.25
68.62088093091543	4875.0
68.68488499633108	4031.25
68.74888906174672	4562.5
68.81289312716237	4734.375
68.87689719257801	4000.0
68.94090125799367	4640.625
69.00490532340932	4250.0
69.06890938882496	4296.875
69.13291345424061	4937.5
69.19691751965625	4250.0
69.2609215850719	4687.5
69.32492565048754	4375.0
69.3889297159032	4171.875
69.45293378131885	4156.25
69.51693784673449	4593.75
69.58094191215014	4484.375
69.64494597756578	4375.0
69.70895004298143	3890.625
69.77295410839709	4390.625
69.83695817381273	4453.125
69.90096223922838	3890.625
69.96496630464402	4281.25
70.02897037005967	4609.375
70.09297443547531	4437.5
70.15697850089096	4359.375
70.22098256630662	4250.0
70.28498663172226	3593.75
70.3489906971379	4562.5
70.41299476255355	4812.5
70.4769988279692	4375.0
70.54100289338484	4546.875
70.60500695880049	4234.375
70.66901102421615	4015.625
70.73301508963179	4546.875
70.79701915504744	4203.125
70.86102322046308	3687.5
70.92502728587873	3796.875
70.98903135129437	4125.0
71.05303541671003	4250.0
71.11703948212568	4140.625
71.18104354754132	4515.625
71.24504761295697	4406.25
71.30905167837261	4031.25
71.37305574378826	4671.875
71.4370598092039	4109.375
71.50106387461956	4312.5
71.5650679400352	4265.625
71.62907200545085	3953.125
71.6930760708665	4609.375
71.75708013628214	5015.625
71.82108420169779	3828.125
71.88508826711345	4390.625
71.94909233252909	4687.5
72.01309639794474	4046.875
72.07710046336038	4921.875
72.14110452877603	4171.875
72.20510859419167	4031.25
72.26911265960732	3921.875
72.33311672502298	3906.25
72.39712079043862	4109.375
72.46112485585427	4250.0
72.52512892126991	4187.5
72.58913298668556	4234.375
72.6531370521012	4500.0
72.71714111751686	3640.625
72.7811451829325	4031.25
72.84514924834815	3906.25
72.9091533137638	4312.5
72.97315737917944	4187.5
73.03716144459509	4375.0
73.10116551001073	4390.625
73.16516957542639	4078.125
73.22917364084203	4406.25
73.29317770625768	3843.75
73.35718177167332	4437.5
73.42118583708897	4546.875
73.48518990250462	4296.875
73.54919396792027	3953.125
73.61319803333592	3921.875
73.67720209875156	4390.625
73.74120616416721	4375.0
73.80521022958285	4265.625
73.8692142949985	4171.875
73.93321836041414	4562.5
73.9972224258298	4281.25
74.06122649124545	4093.75
74.1252305566611	3781.25
74.18923462207674	4000.0
74.25323868749238	4328.125
74.31724275290803	3625.0
74.38124681832367	4078.125
74.44525088373933	4203.125
74.50925494915498	4562.5
74.57325901457062	3671.875
74.63726307998627	4546.875
74.70126714540191	4015.625
74.76527121081756	4109.375
74.82927527623322	4468.75
74.89327934164886	4156.25
74.95728340706451	4312.5
75.02128747248015	4406.25
75.0852915378958	4421.875
75.14929560331144	3921.875
75.21329966872709	4890.625
75.27730373414275	4046.875
75.3413077995584	4328.125
75.40531186497404	4812.5
75.46931593038968	3859.375
75.53331999580533	4390.625
75.59732406122097	4437.5
75.66132812663663	4218.75
75.72533219205228	4515.625
75.78933625746792	4625.0
75.85334032288357	4093.75
75.91734438829921	4218.75
75.98134845371486	4125.0
76.0453525191305	4234.375
76.10935658454616	4015.625
76.17336064996181	4375.0
76.23736471537745	4406.25
76.3013687807931	3796.875
76.36537284620874	3859.375
76.42937691162439	4390.625
76.49338097704005	4437.5
76.55738504245569	4687.5
76.62138910787134	4546.875
76.68539317328698	4468.75
76.74939723870263	4343.75
76.81340130411827	4187.5
76.87740536953392	4609.375
76.94140943494958	3656.25
77.00541350036522	3953.125
77.06941756578087	4046.875
77.13342163119651	5046.875
77.19742569661216	4828.125
77.2614297620278	4062.5
77.32543382744345	4765.625
77.3894378928591	4546.875
77.45344195827475	4046.875
77.5174460236904	4484.375
77.58145008910604	3968.75
77.64545415452169	4625.0
77.70945821993733	4218.75
77.77346228535299	4234.375
77.83746635076864	3968.75
77.90147041618428	4265.625
77.96547448159993	4593.75
78.02947854701557	4343.75
78.09348261243122	4281.25
78.15748667784686	4265.625
78.22149074326252	4109.375
78.28549480867817	3921.875
78.34949887409381	4406.25
78.41350293950946	4312.5
78.4775070049251	4828.125
78.54151107034075	4062.5
78.6055151357564	4234.375
78.66951920117205	4781.25
78.7335232665877	4421.875
78.79752733200334	4250.0
78.86153139741899	4296.875
78.92553546283463	4625.0
78.98953952825028	4015.625
79.05354359366594	3937.5
79.11754765908158	3921.875
79.18155172449723	4250.0
79.24555578991287	3921.875
79.30955985532852	4265.625
79.37356392074416	4453.125
79.43756798615982	4250.0
79.50157205157547	4875.0
79.56557611699111	3796.875
79.62958018240676	4562.5
79.6935842478224	4234.375
79.75758831323805	4453.125
79.82159237865369	4187.5
79.88559644406935	4609.375
79.949600509485	4218.75
